329656005.22586 432124463.46313
407889268.93836 56085705.07390
-444297769.56499 -118722326.70072
438666511.04802 -318480799.81486
259066649.80169 -151421966.81704
-214820575.59212 50120965.35375
-377941652.60788 260011512.54624
167340353.59685 381441370.56015
-357108272.90965 -382699623.68874
-383554987.60203 -271281772.26783
-166904136.04541 264995577.67011
381640723.41128 -370287075.85684
-437205052.46462 77756639.06297
-118395263.97467 -349047395.77281
109597550.99663 -81499435.29517
-257506691.14113 -108308571.85305
337823213.05411 91640298.95810
153579451.03588 495261509.91269
236754811.20151 333569188.45226
495374444.44091 -485226158.78002
346917246.92998 489607384.61126
26620828.91544 293640401.94917
297554869.16509 33160699.66544
-115327263.29778 -63965193.04888
240144643.44369 -385171334.20295
489888623.82131 -314270696.16806
193697143.93341 278238006.29687
-166678123.03043 -278095219.55682
97645815.75870 252696971.99441
-44098212.52478 276316726.18462
405314438.74005 3216588.26479
37271291.30932 227027880.53346
131416133.07677 -325496639.88682
-52566011.34167 -280173342.07377
-494967604.79124 161295957.69070
371431590.59495 -409896577.26058
467430350.57914 -257377585.39417
-103380593.55110 -273356635.86013
-287591528.21294 -232454020.93883
-92947903.92493 246429150.50749
394248248.16895 25723525.66766
116479978.84333 -211332210.52870
-48450481.32355 -305778073.73288
-99941971.66744 130028244.84327
219123206.53063 -345248446.27161
-232219399.09900 55288428.38532
457714834.02479 320633715.97363
-174304739.97461 262656254.90124
-466231738.47830 213896850.93850
-436935920.94619 455988586.10824
-32030601.35345 468996319.27346
-93099154.70012 482648154.61201
259316990.41285 305501172.85323
24912960.72077 -137898983.41549
-73540200.96352 -331960083.92261
-387862148.73311 -346520207.07465
313649395.99162 -446177423.98249
346930670.86843 -192240013.72439
-63356839.05760 -322240080.80550
283003329.43165 -189917932.25305
124135767.04568 -280191040.34512
293629699.65780 48889875.12935
-99192771.73736 381538557.55550
392738577.46782 350360216.14736
494984306.24091 287506472.16354
119359897.81821 29108488.54778
-98522465.46611 -394028729.46772
-66158845.77356 -439965324.07922
-469238871.08967 352455565.62263
186605248.88895 142712316.68163
-100184573.22508 164082727.80674
86298423.37031 470834036.07230
416284048.76913 -106595955.98806
-179577200.03088 -462549960.12036
-247131486.04800 434218851.74212
-372467286.47547 295234656.31130
-142025620.92829 -459106986.65192
-51507254.88352 83579641.62075
-115457075.16865 84752781.70980
-489031504.66622 455355598.12948
-97116209.77383 -230251795.55971
245193968.03580 50743552.75737
184424572.48463 133844282.32490
-337797711.68306 -470718427.45864
-331003922.61799 37235701.46902
-176685336.80257 -19514686.60224
354084435.21272 393843660.04364
320076322.90971 275000672.06558
244036504.00651 -235382327.90965
-1547032.97338 219770301.25569
-27739323.84636 491532815.07563
184527295.58582 260307717.02504
-360095800.03441 217070257.26950
288857843.30430 -410337862.20442
8318236.34025 78247618.06424
223901867.44753 -473561891.25605
225975905.12466 275402341.54633
-392594220.58010 -296654553.99888
377644348.47313 -451972636.51181
241500869.17596 143861144.72010
-493087838.01491 -187259513.06378
-447395837.38312 -481025303.90447
403146231.17456 -432711385.76259
204434487.73188 480575813.35019
459229873.37197 -109678123.83070
-188042482.12851 -184632061.95830
-276224964.01099 -13877685.68361
-102558977.30231 496416148.28668
-104212046.31121 268763673.47110
-46271898.45451 412353282.15009
274007931.89583 249164609.12803
-319857887.34896 401287285.00395
488465614.75456 -205346226.41203
302067657.45347 122615051.62282
447478024.59981 253093375.29126
-1722355.53909 -429082575.34778
146695639.73921 67034472.26012
165692454.48528 -381824406.63815
453449620.36518 -291845975.55459
-172216129.10338 -299375027.22299
423147811.21259 414327153.84563
421719037.42425 -377812204.13061
176594156.65870 452719707.99456
415148574.44046 -204235817.01734
497740471.82301 -380527345.70157
343973435.10193 95502425.56883
-441470065.63258 -157257387.75504
-481702572.30543 -253073301.88240
77291008.62072 19538520.20340
-390968117.47024 377513455.37415
-366153401.14318 292054595.88860
-150663986.72731 -81359555.94010
240498864.54207 -424229052.92828
-386553573.85148 -437926378.16404
-126156870.36509 274826984.28614
-426207721.43265 392221393.68093
-143412506.93012 261045742.59965
-407945906.16398 -258188490.30762
417965910.88783 -381899102.49775
-469425486.71673 246597781.06545
-289185515.41416 -356100776.90625
-460036376.18628 137970525.15280
105941267.65278 -289848948.45345
302680250.12738 -464659591.43392
-118808094.56975 -138203486.23422
-390240940.90709 -452070818.25729
-37145335.10631 329547534.77321
390761801.54630 423796751.77043
228141703.18502 271021286.10029
480654826.60109 -11148814.96239
-65063420.75465 160131623.89240
-480025542.09824 287140629.95898
82443844.19546 -63452472.00183
177782232.62914 -106547134.88569
225572865.69171 -301276733.45339
-454896315.02535 438313272.13170
346717661.84634 -217519495.10086
-42517381.26016 -277335431.95246
-460934746.05624 185229419.90514
-490212028.81174 -445754328.81822
261809706.60814 -337869367.41360
168427734.77859 400001680.28021
-96074578.21712 388923997.22971
162724287.44149 -200583818.70566
31844201.36875 -173489455.12349
448583198.12664 -456249977.80482
-482006094.86502 -429978263.13561
-362936565.05756 107711376.14842
350325018.06662 271022201.89771
224476220.83777 75609409.71697
234432917.14139 -297730129.39700
58772868.93319 76722248.00033
-375439095.85930 222327447.15963
241924098.79879 418228245.27127
-109350039.00812 90133030.88707
-434435101.30378 453021890.22642
356818499.81292 -409128015.88225
-223674730.44537 159101061.93055
-328533066.21453 -156751601.21253
-409941523.26666 242634868.40349
-292009500.28116 -440740694.56444
245810057.93862 -245409992.92623
93357231.18477 281179657.22285
289163102.50748 67822547.50494
-256800875.09799 -397352329.35244
181993541.14855 -424629685.61157
-1668824.87062 233099876.36810
-313756321.36185 -490527294.70932
238637883.68782 144569790.42633
-99231722.59085 353388875.54303
154057899.37398 369885020.70577
433445469.94110 -176204175.53086
215087412.45227 -259948561.84327
-240480045.13836 -119535914.64201
-328930359.88323 160201329.67373
98628628.20294 -397305481.29076
-444076000.19856 147631772.02026
-412655670.17905 -370055803.19664
468402191.48385 -222478613.63783
-465317941.91889 -340913389.91930
166072210.17724 -97135286.70706
-268710863.95878 -174619515.34884
445783098.13520 301605251.21300
198556712.02007 -338373561.99935
133235835.40499 38107289.05957
174339959.13029 363960579.11076
-146513030.24214 -144165399.82514
253178714.57419 -182316957.73533
263874215.19862 406877410.04767
349814382.75363 -82513606.72475
-409764885.28807 -99110630.73326
-92526970.97203 209097925.24052
183773780.13888 -334209883.21579
-397975974.23143 479970130.70692
-194975497.40492 -234392029.99648
-271951308.29567 222159160.80251
-83302516.85951 343057889.77814
-275490598.07078 -391539078.00986
230528877.99102 -362526297.36362
-409333048.14856 -118607319.91523
484477597.92349 -420232818.06802
-355152153.69708 -387496298.42051
133722660.16785 -341978443.33866
-469566032.50117 -203814373.36857
-391949824.49520 68619893.88555
118980065.03864 -12329001.22839
-366363924.00842 472561150.54887
-3269979.82667 -140079263.97797
31312262.22529 434555075.49488
248196177.62813 459897379.12856
406657785.82070 -431036874.85203
-77792476.13449 -196785242.45005
338315795.32815 -197357300.85041
-261632566.69966 109885335.18101
476559074.64733 6857867.71760
-425239583.86274 196017998.03238
389194904.60420 -419132086.86832
83705095.68976 180640487.73942
-130578506.74948 -313552993.96134
377187831.76110 -482253869.67032
-338643838.88031 -451099254.28092
276273302.41935 336233021.64110
402907646.62743 135229674.55975
-248654728.21820 470279471.65228
-150155873.45779 188672793.23679
217678018.73858 336171342.26159
-225177360.53203 -98702882.97034
-428103206.60896 -204421000.76655
54427369.08045 -181441012.24097
-259200483.14268 317313001.61820
417671500.93850 33450752.56982
-647941.49428 477832433.44575
-239167075.44675 -499810897.33465
37131125.11616 134027005.39404
293925723.54022 -198749605.36012
302892391.44038 359457780.93959
-390310006.39623 -124609783.24619
329232303.63374 497360674.71056
-79030136.69207 -237799125.15062
-219439691.43537 -119044207.11820
-360873521.42574 60487920.11457
-172000584.42819 -24746701.02328
435206961.11478 -481363113.93117
37707295.33597 -133483144.12752
285594776.05707 476170607.46664
370902875.65851 268377878.64300
431559357.34845 23467421.79316
-305835081.40122 20451895.61816
-67613946.36238 23347767.16135
-349965329.88930 -440018680.81171
-352390715.27525 91792751.21076
56424674.53999 73930935.93942
206425051.84482 328909736.55530
-392244445.40432 153132500.16779
300881436.50389 -145491568.06874
413182285.19217 327177018.19119
-458679735.17529 -119977043.04387
402926549.37326 55076705.65014
33277519.87525 250362424.82506
390922468.87459 -330822751.32636
-251722834.24721 -258428676.15587
332154663.25847 -354066035.12823
-31569383.22374 294532937.92778
240790522.46286 25136804.11207
466364955.50080 208580790.57292
228178090.54584 77767914.43666
345754986.91101 -215353811.13708
18817365.87786 -418684212.21636
399760125.57351 183940946.25221
151461437.53557 -409909144.11029
-440775239.76594 309254837.73552
368635011.68453 67552891.36928
191972938.83115 291463851.01576
-358733152.19743 499159744.99168
199422778.66540 -90850595.04972
19139735.19107 -160306119.89122
-364304255.98693 -264703025.62213
398912207.84861 220956911.52398
-125841340.69820 -491523449.09294
169130532.93937 497306981.33724
-328205147.42162 -301066355.11878
38622927.27854 321538370.95131
165962963.89054 280489657.02695
-353229230.02291 296481318.98103
292100518.87903 -359459018.26058
460329100.14096 253471651.77040
74022171.83082 441858710.06204
103791228.80213 -326831400.90872
28032377.18108 186051841.67730
473955166.57417 133374124.87288
-316373033.53125 -420181945.85799
-467326914.62988 -220557686.00688
180730501.54972 447443876.67207
-463805493.60223 -356898116.24960
-392035843.04866 -491967862.48933
79619650.05545 53212795.12882
328245067.11369 -499144639.20150
-151543291.20913 -104071713.12978
-44909629.59477 -180089056.59448
466946023.95662 491350507.17280
-68529596.27529 447664006.88120
-391379425.30281 -100909663.95067
187183461.70576 -237791642.96644
335586133.43642 476834038.49684
52892045.52757 -48618443.84281
-90578778.90206 65370127.15517
259675400.60197 -212911716.90362
471736918.28756 -277546694.43657
300848192.45652 394193486.65182
-367255031.20707 78917671.96119
-145371791.53680 157444890.81771
191229761.41447 136762551.32552
116889812.17343 -170800251.52880
-298198992.16932 304310452.48530
355722329.41292 278114925.92653
121039560.42183 192391780.21076
434956423.46365 -282111003.28572
222084147.22800 -157115868.36060
451484633.11532 4721591.54884
239412154.00042 -317510665.23176
-441532585.39513 37105355.20766
367238268.11982 286657906.51797
-101108941.01956 42241062.46133
314411128.50099 -412017618.44393
-174938437.27520 -284256693.23373
347375411.97975 197717053.15403
31236724.05335 -313015740.34012
-184744657.41322 146506136.34772
258600232.66329 -481367131.81690
435100748.05215 349704274.07051
52174129.35298 -411461925.30377
-38361179.64481 113266721.23540
-55817453.64564 433553770.65102
-181561023.36386 -191889477.54490
22077911.92641 -87688204.26423
-176705024.18061 -365233391.29152
304303626.24400 337043928.81982
53037.36242 -2654960.71319
-286597597.61603 268686049.78969
285387444.14039 118235670.28518
-197080171.24087 215644044.19176
-431408695.89675 5103402.24226
188456060.18104 41363138.07453
254880107.50022 -27225090.22444
-140932303.65644 -498553248.94155
430694760.65648 -491658552.29001
36024671.41201 295369203.95233
-301140783.99315 122634023.75402
-87183830.92365 144295275.68250
11140963.84404 -129798010.25936
-307466993.61796 274260235.40448
-22149183.47854 -251292005.68059
-346285590.61157 -112296858.07318
-496203086.83433 153530322.26147
168942446.72233 -393564533.50766
465497014.79877 -198748018.27921
395530405.89290 -158456980.96508
-12501741.35160 24153553.38299
-193660095.68554 -267936695.24216
-369475091.16915 444977846.92712
460958334.84479 -148220630.23495
108667591.03248 -224112116.87382
391181166.78941 -265023525.98285
-402237656.21470 -252890303.28110
226105470.24580 355996119.58166
76429870.93439 -723001.60193
75409616.86695 -282005375.49952
-297975048.57176 -400360093.62014
166952246.10969 383197130.10692
-83821633.87256 -262646178.45590
67179085.30095 95484224.79131
-297980750.57726 78941137.56692
-151388113.09604 107333822.53578
283989778.58077 324256911.30523
-15332590.30370 -306432887.48206
130976888.39347 189053931.43653
303098834.68339 -103759140.78257
-343017444.60277 486321877.50797
98475083.96303 346240643.25070
-273444552.85202 209383519.60536
-347551986.06886 111137354.10645
383657690.29079 -299692766.68462
427361195.67323 -245226060.44223
4611488.94543 -326796441.97625
151409787.62297 6577645.28667
-96543365.25586 249703171.36734
-202423338.91349 -261903695.32711
-180228095.79678 340278551.33974
47578270.53023 -43287774.72905
426216250.48715 -102389187.36199
-472187419.89056 -356504572.27200
190299877.53235 395080797.83204
-213306521.72277 -109054012.72008
499896047.43666 -396531460.66122
359789345.95477 -390205429.99614
-244427870.50809 -498508252.51007
126990603.16870 260557508.20289
188898263.73836 250941085.69467
-381230043.23407 -420720515.84802
-18445604.04654 275541728.31825
-331147479.69723 77569651.44399
35496657.05139 -74423877.07756
358788788.97256 439997380.84082
-367017579.53402 199656058.44568
154654439.98535 -431861664.64331
-416664811.28383 -116627862.76148
424144904.64254 446651819.77939
90526047.51177 -4960375.88575
-351427565.03866 -235047124.53017
4653094.94620 -14809537.77526
-58283222.40376 116168964.57147
-192965682.95572 -6753933.87154
367260383.47833 -73382128.79172
291838151.68440 36983389.38025
-252086864.45128 123112203.35351
-430970226.80185 103641779.84187
499682681.69851 16713170.31135
-450894747.73539 172099343.18742
-350417571.95483 330473699.66934
257940512.56231 -439611003.74047
-171977108.52569 -398794993.34792
151542729.51892 139465169.52020
219961242.45564 -17026999.46520
490128809.90669 -249263725.66588
341471302.00346 430107969.66054
-73535833.52858 120234648.72276
38749802.79437 262844391.14548
-144404528.24686 75818797.03424
320827196.37903 -342225973.94576
55948752.25895 485531407.18675
-100339501.37054 -137803751.81938
472309380.68126 -24165073.73740
-435765573.44984 125911377.07882
99648552.41963 -270796536.24487
-470706796.15149 -38622793.84364
226432005.75966 -36620465.79739
-476998287.29098 384412496.96210
393386375.18957 -337954290.21908
-212051042.45413 19385513.78134
378276966.99337 -248121308.82881
121341895.61970 157297260.78463
91763227.94860 -162264315.83130
156001391.79702 80209519.76803
179665054.17798 340484352.55614
-55002817.09542 -225446367.53010
291939670.45549 95767067.22728
-451296896.41410 -121911209.94743
-229594586.94881 222451749.91603
301100242.80389 -314615053.90273
950684.01339 52954379.66145
147811980.65055 -114963079.12344
-100046075.86778 -279063746.17913
375253811.42401 -455650623.75921
190358988.20604 352621435.53106
-9819696.48702 -414431325.31629
-45129887.86003 -175689461.48835
341694291.99016 -480896244.46298
-180252950.65457 489375160.50545
-488542741.54138 -313574371.71536
363514236.38036 -207483059.04328
-181462362.88088 406940460.18500
-495506662.72851 67405449.24153
107313308.73123 -326803914.75725
-303503475.00645 236633969.38347
-497511382.37236 -132967353.41855
453473699.64446 421540798.21335
45102683.70860 111076566.93454
-315289171.54843 335749978.86303
166027393.89198 -423720315.20564
408774035.37055 -367171487.17836
-264361941.67499 353623759.23728
-63644719.80278 348401094.02646
454970118.27455 398871197.07807
-417804238.69841 104197350.11111
457759307.50580 -128802645.70273
350162864.81455 -399755478.50963
85433109.63286 -276835327.86700
2280878.84912 26799520.92389
117636032.87975 239895789.33180
94135106.62180 -314697542.92990
106612953.42679 -35801811.68688
260778759.65376 263918037.81706
-479748628.46501 -57861553.08206
-452607595.92269 -294974144.64134
-130572306.56049 -143863658.51568
378922081.95032 406864457.57247
-67727590.91606 -478350556.27877
-212675152.11101 -12408608.25046
220947093.62783 -433825964.26328
401574661.76936 16081129.62708
423520331.80299 308449697.11748
45047673.21812 -120740990.51858
230672761.11762 -150100642.34578
371259235.61578 350701124.25162
-411488734.88751 -116434478.33927
49235808.86792 -119718493.21693
447111733.85979 437843317.34419
-465731436.23488 211108076.80616
-229953441.83732 -311486430.14947
331732298.84768 -390228318.30362
281719948.96259 -406079198.06941
-12491464.18187 -128422753.09973
-166410913.20875 -298776505.84831
377895684.20298 -172903385.34419
-377825179.78418 318693649.71364
487417272.65428 463868153.78616
-125830040.38191 -102088730.28043
-29528254.49738 11782731.40227
188068965.82250 -16136684.30100
-188750468.57520 -412321788.18709
-23172175.45717 299517679.78406
197845318.87295 -190420648.69037
459499939.85373 279127161.69983
-113788967.27405 370155852.26975
297090785.41089 -238321971.85462
375848210.97017 -10757511.29809
232663633.44233 228508966.71467
-116627358.40699 -325789319.55326
279768751.11361 308790705.73485
-433130449.21873 422764737.23937
-13558175.76917 -309499184.21571
-389010353.54423 -335852720.75926
-207668148.11196 -264396199.30633
470835228.64416 1191129.95151
280107165.08949 194830088.03074
-164203307.30395 477188333.13504
313408370.08210 403840503.92294
209693385.37769 328824929.99526
344651715.62004 188391827.08162
-388955760.05217 320741808.88053
87443445.15071 -353264375.44202
-69636773.08783 -499458630.28375
-121122067.53947 -236136660.41730
296487724.78080 -82194008.29322
333317625.14846 -39042907.67991
210674752.31102 260091418.09161
-183726153.09273 -273255569.99789
-281764077.09225 -143304761.60911
177732149.48449 213237886.19887
-31352704.42595 361691719.13208
489826970.86912 420043242.42912
-164689682.44348 66308371.01252
-26574339.79473 418145391.41825
-52474905.88672 12860906.32178
189314284.67004 70554242.57062
354962593.14715 334450697.72295
57794851.57075 253766749.13932
-122691590.70842 -136623439.32622
-420761527.28468 -453348564.35137
-29757314.08518 -485740290.64347
-190750619.81036 373690325.85309
98089036.91502 123391142.47934
-174536614.46269 324746478.40162
281005135.61924 -177426436.78753
66639170.47939 -253485008.08363
-228680641.93056 43159289.32932
-435265480.76396 150037905.89314
3486794.98100 424120527.83518
-408649937.28351 -291779538.81623
-197785606.80813 167492935.48552
43653115.83063 346904256.33057
-226215734.01426 316696625.12132
272171563.44273 148083506.18907
249806634.76743 489974770.18037
-147694699.46320 -14729560.40267
-292995255.30351 385037768.58155
199798270.49307 265426425.82899
310743746.54240 -124875385.07710
-317369515.51353 141503257.70153
-113440731.28499 374881759.08526
-429165642.58934 -367664294.99741
-71260470.35608 -108872637.61082
452746073.90470 305868547.84433
127012673.93268 453754561.91632
-379571685.48521 -123409631.84073
-296341131.50282 -498604818.02462
-44171660.74013 -416691018.68904
-320900120.28852 -28695648.53206
428172956.38713 159391091.20868
52537681.93053 -99849240.40844
-84217889.59735 -289721886.11228
26963434.13592 9545872.40491
493663518.04227 -235917301.25452
-490590782.64084 145382401.77431
-38185223.79073 67592846.00788
-434637436.52376 322166728.62113
436114474.54777 -465085763.95772
-358371661.56186 141935896.69629
-429837120.25510 -192256986.67022
-261450717.49622 302086273.82083
36693531.35965 -391017632.23636
307455769.07519 -41827912.84901
463602412.46264 -65176609.04983
172702434.79896 -312253159.94875
112739045.13883 -130144582.14550
-117015430.80595 421533173.09062
308006723.45375 -323770043.04409
440255844.69258 -178843896.98467
389784947.31410 -182023072.44405
-353938569.86112 431524823.79535
-199901227.73516 -232511176.48282
357152074.98106 404488445.49211
-379674944.84263 100799171.00168
-279324309.88954 453035242.25211
401677266.29752 335062806.22537
132998597.05617 -132907757.30670
-312493532.36333 -225301369.65196
-142640717.47529 208576386.82086
42979036.30622 -93292835.12140
269298492.59005 -348960944.11608
327449555.81268 481076994.89091
-146538857.31581 -325053382.23330
91472816.00982 -295077388.58173
-167626881.58409 -49110216.90467
405649870.04430 110652811.12258
-398270089.34670 107978098.73575
-237737595.66746 -213719756.78049
-384710521.25476 -297858121.74146
390925098.76895 202800473.18161
-403540919.27241 -31553654.24697
-67589998.70997 -222130377.56121
-252949638.63800 -97139187.41384
-215371973.87684 280894805.64898
223519060.38805 302883378.82045
13873321.03598 -68152215.37822
-492499393.06543 -325711985.46902
-216645751.83081 -440028946.85653
313920914.13080 344949993.69299
138382898.08503 -29956477.72538
462848193.08593 -181243412.85071
380131219.99316 -20388346.33049
250126880.06295 -153813266.08874
412468815.22760 -277202148.39836
-450605872.63720 17035164.19717
442083018.44043 312822735.17061
380143059.65516 -80622794.33147
411978894.15220 -120301866.88726
402010455.74431 222259328.78782
41823017.75379 180764837.24150
-383500006.45837 -16578559.40967
402813202.29092 264589879.30353
49101005.83089 253899080.93796
465334487.88012 163553922.45200
-124452851.24203 -264468925.99522
-1767458.09635 -76773154.88867
77224796.35387 72749902.83164
-129143062.28887 -161049695.76406
447057655.30777 -55277831.21820
92981399.91676 -30853440.64981
-493742642.85337 -273275966.87065
-468696161.97619 -496395319.20192
474959942.44839 259995577.31928
-49401350.46830 -428164982.17196
-90089483.78230 497257624.15076
-43004828.61381 -464367973.00777
477083237.58659 157258796.75430
262672107.11937 -309029178.65096
-233373476.93343 347438518.25902
-34003931.20591 -157364341.37628
235124203.17469 -389042665.02237
-152574139.58436 161515604.30443
-367692310.11718 375498442.27495
-53889394.69557 -394094653.87075
445612299.49776 69547667.52958
409912096.53383 -483355837.94527
489038044.76913 -388897518.75093
135587639.43076 -420635082.91264
238471773.74268 -161642072.04474
447211970.80971 498984247.80672
-457101196.37110 156907755.41966
-261146606.43341 -469053650.48741
41848488.23943 29046536.69751
-50567130.00540 -444637427.81197
-180825220.14101 374152286.68504
89093285.20224 24418920.38641
300190113.26545 -178216963.89449
20922235.81231 -263769898.77726
134694163.48832 -461425896.58192
-128736668.79929 -368696463.62186
237138522.30359 -95560538.36277
-73999072.60459 328166310.91090
414739413.90279 151749694.95114
-372880740.10172 -164646063.79108
195613540.14429 -397505358.16608
349651913.61654 236338619.11519
-134087677.20259 -117020010.44043
378109278.29546 346188016.61185
84537506.72264 394017882.14460
-144017101.16961 -396480222.04214
216531616.49595 -61858907.72822
222484254.10385 274004096.34149
114970432.08091 216012550.17885
-374085701.95809 403242572.43104
92586779.27900 -495543918.66574
189736884.91466 -366081504.81425
317995830.34721 211564142.46591
-439573209.98357 -223102266.57645
-390032908.13912 -196066775.34069
468489239.25433 -53687632.56658
302517633.12090 341651475.29826
-253164510.65269 -301942464.13267
432630191.65616 203255040.08397
363205866.79310 278677291.75028
333198895.15529 -408856295.26220
102940590.99674 142034115.20664
-128430226.02368 -225808314.23199
-19382512.52806 -65199318.08285
87093317.72844 335419943.36276
-262462846.67472 314658097.89312
80887365.79722 -323848770.44073
-301501918.18640 138733645.38279
382090927.59250 -197787696.16655
195649498.12581 -348510295.89014
44968416.23802 -258731591.34563
-72553982.81660 483835479.08489
-238880438.10773 462687261.85497
292988518.67749 237151043.42766
-155291739.60792 -317527446.61706
-459422342.73471 -378709445.50770
63114121.94371 -383555706.38495
-313487000.66458 14194886.59640
-359071174.34937 416264411.44358
-383450285.48110 -352155093.67848
15085871.26285 397024805.27507
-323391137.32852 -348098240.82505
-80427737.84033 94470671.41954
-181915582.11683 -80888598.11937
439194365.73587 -82311565.40753
-8716927.31790 227623765.20247
-194047008.44916 -426965953.09770
-188820619.50779 -437356069.50619
-115455083.67913 301627867.25260
463901735.07861 -63229888.38561
-325705019.41322 210935845.05129
-380558135.33108 -205917385.04044
365504797.17208 -103542627.01181
-416615251.82435 -107744133.39384
-146023641.13825 88637005.91763
-296505046.03785 250023609.49574
416651724.57693 59724329.06453
-130597829.60663 -299787952.35219
-34651187.80199 -37037338.63976
-142839045.50708 -57131388.87552
-140961555.40308 -479642938.79149
-94999717.11092 -94018302.64743
305694495.87858 -465855675.11762
-279864839.62473 115760773.95026
-486722420.19750 470376394.55960
-354781861.66618 -407096832.09737
-250171475.64288 -109227113.78337
-178879069.52242 229815278.28409
-407978802.00696 221862369.72099
312638199.34968 386108397.23511
-169949593.41452 319704646.98662
-414095163.71027 -448795630.93289
-342270121.70787 476081641.48887
-210552517.37668 -135459477.30860
16593108.59949 20501696.27349
-328391546.83810 322258240.54649
-158803637.49098 -5154859.66186
-79531562.78860 -83378259.66690
-267586262.49626 -352223012.58467
321361179.68054 298594706.65704
482109192.15689 -261420360.75748
-447248401.94645 -111521119.37254
305115153.49590 19853539.86756
172896282.44723 -486607840.93858
475012044.01838 341260930.90735
454704868.20846 468360733.70567
-116016870.92883 -221563747.54747
100080176.02593 490271877.30221
382334789.64913 129270382.99296
481367095.82873 126857719.89696
331568987.04757 261533876.82640
218142760.32436 -232142681.98114
-189257383.29002 -240599298.59290
482316424.39020 -410238936.25821
236942961.55270 360657762.49142
141384450.17506 -478070427.31719
-362130137.48163 -49349205.75590
484836707.19112 258875192.18706
491688838.61241 -326636952.81824
-53606655.61821 275199745.80372
423575522.70958 -284886308.55062
-372651910.36279 -284176359.83332
319905745.48234 -166512971.04904
64313793.99692 170070568.06003
-256822289.60146 -44824462.21305
166740675.32775 444865309.27041
259928270.36256 -496021481.21077
-497534557.90468 46361121.30697
239694653.73265 287407739.18842
-361866995.54129 -307035512.29566
358171406.63630 151001035.09860
378619619.81054 -386179885.08483
-92059867.77356 477948405.06140
-93290114.44161 -51165397.75413
-245547871.72687 383031763.85411
-259502204.10121 338354715.39288
495391564.76849 -70166708.36443
418676934.07112 -132597764.60352
-86665284.46264 334967270.77925
38564589.59638 271253493.74509
-66930725.30856 249650513.92434
432001983.80483 -407885496.56453
-12507737.35777 304786014.36354
421945669.03621 -57716382.47745
394235769.79554 39057356.38055
387496349.75794 334739453.57754
186772111.49054 -390893228.94939
235308669.98903 -389606022.98616
-80455812.28355 -293888425.17607
-133078266.65867 -239214299.06234
-429401731.85773 414021146.42485
-291196917.80502 -380142502.46630
-455664630.47205 272033644.71885
-222808626.48911 198394088.50608
381539171.14999 118867408.72460
-146337136.94888 345037452.26058
-482896663.02991 -139069526.61983
498366859.82639 -60469284.16323
-105685506.59756 -276848056.48975
2833350.92050 223564152.57673
-492280738.80655 -196824843.81453
-261965164.04776 -65462755.34764
-232790028.38285 490613690.81516
268991862.82850 -324440044.63625
-330175676.58981 57551419.37176
-254219365.38428 -5429047.93129
51814570.12250 139465988.60766
431589173.81195 285652089.20696
43872180.34240 -37064545.50521
358858697.53843 211193564.64222
342189598.07009 -265860691.10778
410046887.68669 484864363.96146
65622059.85848 167201912.12909
73792446.35645 -321655531.05700
26024711.71778 431387435.27785
-467996478.50068 111080390.63322
-120546175.31188 -50795115.11317
-31480916.95506 -240839543.14288
238031045.92423 242408693.34198
263509938.42852 -350377498.97182
-253303345.39347 49098772.33366
-164172389.13730 78580726.32091
-90232968.50453 12672907.61782
-67667423.59823 -340407880.87742
86233309.97851 -447072017.12034
331221179.33242 142402420.69054
260287767.52417 -107566178.46659
246030732.19305 -123031101.39240
-412037747.94700 339328490.22353
286967669.27222 -15571447.54999
178454130.36215 -326554220.86956
83231973.26709 -247932496.43858
399270207.89882 89348324.42808
-401014753.60599 -474423280.53943
210433113.36689 -498807470.10901
119537562.13581 -273197528.29814
-399511919.62796 -115191859.79477
254342424.48445 392293584.45486
284866204.06252 -363024919.49969
338747590.49261 386313162.17271
57373416.00580 -23712932.51141
134534991.68400 -213653349.02127
-116622082.14392 140494579.87374
375603332.89014 -270147647.68310
266982956.21305 388733111.87178
203334965.87974 -375958568.51603
95541919.94945 -428894713.72408
-61997857.77286 197443610.38954
-2130890.30702 -349138565.00943
-432110442.27236 -429861334.22492
-114882520.41216 64701727.86043
264648021.80994 -238335866.33586
366354496.43161 83917907.42701
-312119067.68020 -219777189.48695
-61685686.71476 433243230.45797
-311641178.74564 348011303.88490
487709026.18729 -233950610.78630
-300059626.98767 134999582.97957
-334960813.83243 255208048.94114
-104241184.00647 82662774.51841
-5625713.14832 -499563744.48384
423143263.42951 -499023095.19554
280522953.07415 277808400.99407
400843242.65732 383041466.75773
-477049669.42316 -141493252.42831
116294116.15990 84210153.85967
407422033.55807 -164413235.38505
82909175.08890 -295551586.26792
-262519741.94092 -356033208.53738
468843689.15984 257269195.02294
307433627.42615 405052863.17957
378604938.26426 -164872045.12481
-421361686.12992 -70957010.19781
-375336956.61973 334311223.01415
-323340710.04101 -138690175.60598
-136641930.11993 -7518655.09451
206747518.22618 151250553.91110
261532207.63213 -354879986.99240
-79603201.54806 480157061.96471
-490800348.12433 -385253595.62880
-458876826.91394 -372837993.43700
-120916070.79368 -83801262.77676
-39264445.78258 237946491.31377
-135989353.34522 -334687598.78642
389058892.96786 239066547.87687
484075801.26356 405480068.20011
-75723923.31074 -498492246.83201
-238526314.72746 470940915.30124
-95157876.62396 -18925960.56549
-195753129.49003 456943851.95493
-492510541.23016 -228252818.65057
-58478432.64655 -399484999.61113
-477493577.77126 -486868375.79867
10647641.17389 142409196.72919
423677965.06036 -252935686.40419
137831545.00598 57540520.45336
-434401907.82367 -135414937.67163
-316784796.20042 439994385.52761
98193267.11522 -393481193.26122
-228077724.50068 107475099.86052
453055064.20159 -46669074.58613
415498029.87346 -37785416.84865
-302485877.63922 77719680.06832
382668139.96799 390061689.31547
-207633754.60765 -357730145.69755
21817785.79852 -408586129.07111
-347019384.18056 -449302126.78884
315553437.90990 -422804687.95016
-320500143.72293 -358314852.00008
-216211667.76758 -493795295.15217^C
37614
422266976.20311 283497668.27259
186846886.61530 195279842.65148
383955566.35006 -85996922.57157
200241352.42917 -288333689.83241
-158198058.71930 -463166930.32497
323954787.98837 -421229645.48607
76721711.38903 22205872.16779
103965052.98160 -343050001.30849
279676462.24801 430025182.54494
-239004461.32432 -26994811.69872
-240754197.79181 65042450.65678
-163181106.65563 -391482024.92218
354727505.36096 393680370.95113
-458315105.72204 -490930900.89431
63838292.05690 440208863.97261
481197404.19400 -138411940.66681
120974538.43740 102417370.59934
94152147.96526 -476873370.56987
-495190868.51357 -145481012.03697
-260047699.29196 -483759540.12605
-210494400.56035 -195645596.02304
494812902.93219 327083969.89276
-363093638.50092 325263300.53089
-387256774.85650 -213940762.95577
140706268.19427 38109456.20333
496078705.50990 -298175899.73413
-161011643.09508 -160640249.71156
320066292.45498 322697266.69519
-2166261.48542 -214071786.46126
38759251.82534 -329337084.07264
-196595426.59833 -198569250.21570
-59554941.90716 28563190.15330
278446000.49173 471905729.00521
-251666806.60140 447588107.30293
35192464.39324 277916889.00639
207713839.62230 307367899.40598
-308046044.78018 -144130557.92772
348833879.56885 323006622.37717
-204918953.93719 -298435472.63623
53018636.30381 211057168.83266
109572096.72069 -203657258.13926
18916687.13945 -350859395.14840
-43575598.28416 139100984.85069
-229893796.72433 481696107.30931
-2798791.66592 60109825.81773
461744900.13298 17875763.02778
461744900.13298 17875763.02778
461744900.13298 17875763.02778
461744900.13298 17875763.02778
461744900.13298 17875763.02778
461744900.13298 17875763.02778
461744900.13298 17875763.02778
461744900.13298 17875763.02778
